請寫出Heap Sort演算法，可以對陣列 A 進行由小到大的排序。請印出執行演算法的過程，最後印出答案，格式見輸出範例。


系統輸入：
第一行，陣列 A 的大小（範圍10~20）
第二行，陣列 A 的內容（範圍1~500）

結果輸出：
每一次進行交換後，印出陣列的內容



輸入範例一：
8
8 7 6 5 4 3 2 1

輸出範例一：
1 7 6 5 4 3 2 8
7 1 6 5 4 3 2 8
7 5 6 1 4 3 2 8
2 5 6 1 4 3 7 8
6 5 2 1 4 3 7 8
6 5 3 1 4 2 7 8
2 5 3 1 4 6 7 8
5 2 3 1 4 6 7 8
5 4 3 1 2 6 7 8
2 4 3 1 5 6 7 8
4 2 3 1 5 6 7 8
1 2 3 4 5 6 7 8
3 2 1 4 5 6 7 8
1 2 3 4 5 6 7 8
2 1 3 4 5 6 7 8
1 2 3 4 5 6 7 8
1 2 3 4 5 6 7 8


輸入範例二：
6
6 5 3 4 1 2

輸出範例二：
2 5 3 4 1 6
5 2 3 4 1 6
5 4 3 2 1 6
1 4 3 2 5 6
4 1 3 2 5 6
4 2 3 1 5 6
1 2 3 4 5 6
3 2 1 4 5 6
1 2 3 4 5 6
2 1 3 4 5 6
1 2 3 4 5 6
1 2 3 4 5 6

#include <iostream>
#include <vector>
using namespace std;

int main(int argc, char *argv[])
{   
    vector<int> A;
	int i, n;
	for(cin >> i; i > 0; i--) { cin >> n; A.push_back(n); }
}